32773
32775
32781
32789
32810
32812
32841
32843
32845
32847
32849
32984
32986
32988
32990
33077
33102
33104
33152
33154
33156
33158
33191
33327
33396
33398
33447
681
682
33469
33471
33473
33514
33586
33682
33817
33819
33821
17486
17489
17501
17503
17505
17507
17509
17511
17513
17517
17519
17521
17529
17537
17539
17541
17543
17545
17550
17554
17556
17561
1217
17620
17635
17637
17706
17708
17710
17714
17716
17719
17721
17723
17727
17729
17733
17741
17813
17833
17835
17837
17839
17874
17919
17921
17925
17927
17929
17931
17933
17515
34497
34591
11236
11246
11256
2179
2211
2213
2835
2837
41445
2949
15922
19809
19811
19813
19815
19995
20003
15942
20108
3734
3736
3738
3794
20219
20225
20231
20237
20239
20241
20243
20245
20247
20249
20251
20253
20255
20368
4006
33460
37003
37005
37006
37007
37038
37040
37042
37046
37061
37062
37063
37064
37065
37067
37068
37085
4364
4384
4389
4392
4404
4408
4410
21024
21055
21098
33554
30840
30843
37621
21335
33596
33609
33611
37837
37838
37839
37840
37854
37860
37964
21629
21856
21858
22326
22328
22330
22332
22477
22781
28384
22886
23072
17523
17525
17527
20261
33916
20263
20265
17552
17558
15678
23760
17704
40315
40316
40317
40318
24469
17737
17739
24621
24623
41389
41395
41438
41446
41447
41448
41449
41450
41451
41452
17842
17844
41532
41620
41638
41649
41650
41651
41652
41653
41654
41655
41656
17885
37004
37021
25541
25543
37037
17923
37039
37075
26174
26607
26843
26984
27020
10643
12712
12714
12716
12718
43659
43661
43663
43665
27300
27302
27304
27306
11012
31895
11216
11226
11266
44106
11860
11861
11862
11863
11864
11865
11866
11867
11868
11869
11874
11877
11883
11888
11892
11937
11939
28325
28327
28329
28331
28333
28335
28337
28339
28376
28378
28380
28382
15676
28512
28515
28517
28519
28521
28523
28525
28527
28529
28531
28533
28535
28537
28539
28541
28543
28546
28548
28551
28553
28555
15682
28558
28560
28562
28564
28566
15684
29338
15686
29341
15688
28613
15692
15694
15696
15700
15708
15710
28730
28732
28734
28736
15712
28738
28741
28743
28745
28747
28749
28751
28753
28755
28757
28759
28771
28773
28775
28777
28779
28781
28783
28785
28787
28789
15690
15748
29227
15704
29329
29331
29333
29335
29339
29345
13203
15884
15926
15928
30329
30343
30421
30423
30425
15698
47115
15702
47716
15924
31865
31867
15706
31869
31871
31873
31875
31877
31879
31881
31883
31885
31887
31889
31891
31893
31897
31899
31901
31903
31905
31907
31909
31911
31917
31919
31923
31925
31927
31929
31931
31933
31943
31945
31947
31949
31951
31953
15714
15716
15718
15720
15722
15724
15726
15728
15730
15732
15734
15736
15738
15740
15750
15752
15754
15756
15758
15760
15762
15765
15767
15769
15771
15773
15777
15779
15781
15783
15785
15787
15789
15791
15793
15795
15797
15799
15801
15803
15805
15807
15809
15811
15819
15822
32210
15839
15842
15876
15878
15880
15882
15888
15890
15892
15894
15896
15906
15908
15910
15912
15914
15916
15918
15920
32306
32308
32310
32312
15930
15932
15936
15938
15940
15946
15948
15950
15954
15956
15958
15960
15962
15964
15966
15968
32415
16063
16066